1.01583338 -3064.0 4995.99463
1.03250003 -3073.0 4996.01367
1.04916668 -3086.0 4996.01367
1.06583333 -3196.0 4996.01367
1.08249998 -3074.0 4996.01367
1.09916663 -3002.0 4996.01367
1.11583328 -3258.0 4995.67041
1.13249993 -3010.0 4996.01367
1.1491667 -3164.0 4995.49854
1.16583335 -3261.0 4995.19336
1.1825 -3095.0 4996.01367
1.19916666 -3034.0 4996.01367
1.21583331 -3084.0 4995.95654
1.23249996 -3025.0 4996.01367
1.24916673 -3147.0 4996.01367
1.26583338 -2762.0 4996.01367
1.28250003 -3013.0 4996.01367
1.29916668 -2875.0 4996.01367
1.31583333 -2701.0 4996.01367
1.33249998 -3016.0 4996.01367
1.34916663 -3117.0 4995.25049
1.36583328 -3184.0 4996.96729
1.38249993 -3195.0 4995.02197
1.3991667 -3169.0 4995.23145
1.41583335 -3179.0 4995.7085
1.4325 -3046.0 4995.68945
1.44916666 -3153.0 4995.55566
1.46583331 -3181.0 4995.51758
1.48249996 -3241.0 4995.04102
1.49916673 -3161.0 4995.04102
1.51583338 -2661.0 4996.01367
1.53250003 -2777.0 4996.01367
1.54916668 -2641.0 4996.01367
1.56583333 -2810.0 4996.01367
1.58249998 -2611.0 4996.01367
1.59916663 -2565.0 4996.01367
1.61583328 -2762.0 4996.01367
1.63249993 -2715.0 4996.01367
1.64916658 -3059.0 4996.96729
1.66583335 -3048.0 4996.96729
1.6825 -2875.0 4996.01367
1.69916666 -2827.0 4996.01367
1.71583331 -2821.0 4996.01367
1.73250008 -2792.0 4996.01367
1.74916673 -2883.0 4996.75732
1.76583338 -2946.0 4996.01367
1.78250003 -3137.0 4995.97559
1.79916668 -3002.0 4996.01367
1.81583333 -3082.0 4996.01367
1.83249998 -2996.0 4996.01367
1.84916663 -3230.0 4995.44141
1.86583328 -3002.0 4995.9375
1.88249993 -3134.0 4995.09814
1.89916658 -3133.0 4995.02197
1.91583335 -3231.0 4995.09814
1.9325 -3127.0 4995.47949
1.94916666 -3122.0 4995.00293
1.96583331 -3091.0 4995.99463
1.98250008 -3136.0 4995.97559
1.99916673 -3049.0 4995.80371
2.01583338 -2775.0 4996.01367
2.03250003 -3034.0 4996.01367
2.04916668 -2875.0 4996.01367
2.06583333 -2968.0 4996.01367
2.08249998 -2738.0 4996.01367
2.09916663 -2833.0 4996.94824
2.11583328 -2703.0 4996.01367
2.13249993 -2998.0 4995.30811
2.14916658 -3153.0 4995.95654
2.16583323 -2905.0 4996.96729
2.18249989 -2898.0 4996.01367
2.19916677 -2773.0 4996.01367
2.21583343 -2956.0 4996.01367
2.23250008 -3076.0 4996.94824
2.24916673 -3235.0 4995.09814
2.26583338 -3206.0 4995.34619
2.28250003 -3173.0 4995.67041
2.29916668 -3226.0 4995.53662
2.31583333 -3224.0 4995.51758
2.33249998 -3155.0 4995.26953
2.34916663 -3222.0 4995.19336
2.36583328 -3198.0 4995.15527
2.38249993 -3090.0 4995.15527
2.39916658 -3120.0 4996.96729
2.41583323 -2968.0 4996.96729
2.43249989 -3091.0 4996.96729
2.44916677 -3093.0 4996.05176
2.46583343 -2666.0 4996.96729
2.48250008 -2977.0 4996.96729
2.49916673 -2879.0 4996.01367
2.51583338 -2383.0 4996.01367
2.53250003 -2492.0 4996.01367
2.54916668 -2553.0 4996.01367
2.56583333 -2473.0 4996.01367
2.58249998 -2353.0 4996.01367
2.59916663 -2747.0 4996.01367
2.61583328 -2682.0 4996.01367
2.63249993 -2681.0 4996.01367
2.64916658 -3056.0 4996.66211
2.66583347 -2935.0 4996.01367
2.68249989 -2938.0 4996.01367
2.69916677 -2933.0 4996.01367
2.71583319 -2848.0 4995.55566
2.73250008 -2829.0 4996.01367
2.74916673 -3132.0 4995.49854
2.76583338 -3045.0 4996.01367
2.78250003 -3094.0 4996.01367
2.79916668 -3074.0 4996.01367
2.81583333 -2978.0 4996.01367
2.83249998 -3164.0 4996.01367
2.84916663 -3187.0 4996.01367
2.86583328 -3030.0 4996.01367
2.88249993 -3215.0 4996.01367
2.89916658 -3131.0 4995.99463
2.91583347 -2982.0 4995.99463
2.93249989 -2954.0 4996.96729
2.94916677 -2976.0 4995.99463
2.96583319 -2946.0 4996.01367
2.98250008 -2851.0 4996.43311
2.99916673 -2642.0 4996.01367
3.01583338 -2330.0 4996.01367
3.03250003 -2430.0 4996.01367
3.04916668 -2161.0 4996.01367
3.06583333 -2880.0 4996.01367
3.08249998 -2366.0 4996.01367
3.09916663 -2682.0 4996.01367
3.11583328 -2286.0 4996.01367
3.13249993 -2430.0 4996.01367
3.14916658 -3210.0 4995.68945
3.16583323 -2971.0 4996.01367
3.18249989 -2903.0 4996.01367
3.19916677 -2835.0 4995.19336
3.21583343 -3153.0 4995.65137
3.23250008 -3006.0 4995.26953
3.24916673 -3134.0 4995.82275
3.26583338 -3017.0 4996.96729
3.28250003 -3258.0 4995.11719
3.29916668 -3103.0 4995.23145
3.31583333 -3114.0 4995.67041
3.33249998 -3251.0 4996.94824
3.34916663 -3179.0 4995.80371
3.36583328 -3183.0 4995.99463
3.38249993 -3315.0 4995.78467
3.39916658 -3215.0 4995.99463
3.41583323 -3240.0 4995.44141
3.43249989 -3052.0 4996.96729
3.44916677 -3172.0 4996.50977
3.46583343 -3097.0 4995.55566
3.48250008 -3240.0 4995.99463
3.49916673 -3052.0 4995.55566
3.51583338 -2307.0 4996.01367
3.53250003 -2299.0 4996.01367
3.54916668 -2401.0 4996.01367
3.56583333 -2514.0 4996.01367
3.58249998 -2436.0 4996.01367
3.59916663 -2247.0 4996.01367
3.61583328 -2243.0 4996.01367
3.63249993 -2300.0 4996.01367
3.64916658 -2987.0 4996.01367
3.66583347 -2524.0 4996.01367
3.68249989 -2949.0 4995.00293
3.69916677 -2803.0 4996.94824
3.71583319 -2844.0 4995.28906
3.73250008 -2901.0 4995.2124
3.74916673 -2997.0 4995.82275
3.76583338 -2894.0 4995.55566
3.78250003 -2932.0 4995.34619
3.79916668 -3008.0 4995.25049
3.81583333 -2771.0 4995.32715
3.83249998 -3071.0 4996.96729
3.84916663 -2836.0 4995.13623
3.86583328 -2775.0 4995.02197
3.88249993 -2657.0 4995.61328
3.89916658 -2320.0 4996.96729
3.91583347 -2924.0 4996.03271
3.93249989 -2450.0 4996.94824
3.94916677 -2979.0 4996.94824
3.96583319 -2456.0 4996.94824
3.98250008 -2926.0 4995.53662
3.99916673 -2753.0 4996.01367
4.01583338 -2195.0 4996.01367
4.03249979 -2198.0 4996.01367
4.04916668 -2130.0 4996.01367
4.06583309 -2440.0 4996.01367
4.08249998 -2383.0 4996.01367
4.09916687 -2505.0 4996.01367
4.11583328 -2830.0 4996.01367
4.13250017 -2809.0 4996.94824
4.14916658 -3011.0 4995.06006
4.16583347 -2718.0 4996.96729
4.18249989 -3108.0 4995.97559
4.19916677 -2939.0 4996.96729
4.21583319 -3033.0 4995.74658
4.23250008 -2780.0 4996.96729
4.24916649 -3132.0 4996.73828
4.26583338 -2751.0 4996.94824
4.28249979 -3061.0 4995.00293
4.29916668 -2722.0 4996.94824
4.31583309 -2977.0 4995.82275
4.33249998 -2468.0 4996.94824
4.34916687 -2894.0 4996.96729
4.36583328 -2777.0 4996.94824
4.38250017 -2920.0 4996.73828
4.39916658 -2298.0 4996.94824
4.41583347 -2794.0 4996.77637
4.43249989 -2240.0 4996.94824
4.44916677 -2870.0 4996.73828
4.46583319 -2608.0 4996.96729
4.48250008 -2734.0 4996.96729
4.49916649 -3020.0 4995.59424
4.51583338 -2440.0 4996.01367
4.53250027 -2394.0 4996.96729
4.54916668 -2475.0 4996.01367
4.56583309 -2486.0 4996.96729
4.58249998 -2486.0 4996.01367
4.59916687 -2482.0 4996.94824
4.61583328 -2562.0 4996.01367
4.63250017 -2293.0 4996.94824
4.64916658 -2726.0 4996.94824
4.66583347 -2645.0 4996.96729
4.68249989 -2938.0 4996.96729
4.69916677 -2755.0 4996.96729
4.71583319 -2771.0 4996.94824
4.73250008 -2998.0 4995.80371
4.74916649 -2914.0 4996.96729
4.76583338 -3111.0 4995.55566
4.78250027 -2668.0 4996.94824
4.79916668 -2970.0 4996.01367
4.81583309 -3039.0 4995.2124
4.83249998 -2390.0 4995.19336
4.84916687 -2785.0 4995.25049
4.86583328 -2968.0 4995.32715
4.88250017 -2742.0 4996.96729
4.89916658 -2435.0 4996.96729
4.91583347 -2687.0 4996.94824
4.93249989 -2497.0 4996.94824
4.94916677 -2489.0 4996.94824
4.96583319 -2542.0 4996.94824
4.98250008 -2468.0 4996.96729
4.99916649 -2943.0 4996.20459
5.01583338 -2913.0 4996.01367
5.03249979 -2372.0 4996.94824
5.04916668 -2364.0 4996.96729
5.06583309 -2832.0 4996.37598
5.08249998 -2808.0 4996.62402
5.09916687 -2424.0 4996.96729
5.11583328 -2515.0 4996.96729
5.13250017 -2315.0 4996.94824
5.14916658 -2408.0 4996.66211
5.16583347 -2310.0 4996.94824
5.18249989 -2766.0 4995.97559
5.19916677 -2317.0 4996.94824
5.21583319 -2203.0 4996.96729
5.23250008 -2546.0 4996.96729
5.24916649 -2964.0 4996.73828
5.26583338 -2694.0 4996.94824
5.28249979 -2922.0 4996.62402
5.29916668 -2484.0 4996.96729
5.31583309 -2588.0 4995.17432
5.33249998 -2470.0 4996.94824
5.34916687 -2249.0 4996.94824
5.36583328 -2350.0 4996.94824
5.38250017 -2449.0 4996.94824
5.39916658 -2535.0 4996.96729
5.41583347 -2133.0 4996.94824
5.43249989 -2796.0 4996.75732
5.44916677 -2164.0 4996.94824
5.46583319 -2876.0 4996.75732
5.48250008 -2291.0 4996.94824
5.49916649 -2722.0 4996.39502
5.51583338 -3024.0 4995.46045
5.53250027 -3052.0 4995.72754
5.54916668 -2561.0 4996.96729
5.56583309 -2893.0 4996.73828
5.58249998 -2262.0 4996.94824
5.59916687 -3056.0 4995.53662
5.61583328 -2453.0 4996.94824
5.63250017 -2834.0 4996.75732
5.64916658 -2408.0 4996.94824
5.66583347 -2866.0 4995.80371
5.68249989 -2473.0 4996.94824
5.69916677 -2886.0 4995.38428
5.71583319 -2416.0 4996.96729
5.73250008 -3073.0 4995.40332
5.74916649 -2679.0 4996.96729
5.76583338 -2886.0 4996.94824
5.78250027 -2618.0 4996.96729
5.79916668 -2850.0 4995.9375
5.81583309 -3008.0 4995.55566
5.83249998 -2971.0 4995.0791
5.84916687 -2715.0 4995.74658
5.86583328 -2912.0 4996.01367
5.88250017 -2908.0 4995.46045
5.89916658 -2633.0 4996.96729
5.91583347 -2408.0 4996.94824
5.93249989 -2934.0 4996.94824
5.94916677 -2543.0 4996.94824
5.96583319 -2469.0 4996.96729
5.98250008 -2383.0 4996.94824
5.99916649 -2760.0 4995.99463
6.01583338 -3501.0 4995.87988
6.03249979 -3620.0 4995.87988
6.04916668 -3729.0 4996.18555
6.06583309 -3564.0 4995.87988
6.08249998 -3602.0 4995.87988
6.09916687 -3616.0 4995.5752
6.11583328 -3542.0 4995.87988
6.13250017 -3568.0 4995.87988
6.14916658 -3516.0 4995.87988
6.16583347 -3659.0 4995.87988
6.18249989 -3614.0 4995.87988
6.19916677 -3590.0 4995.87988
6.21583319 -3635.0 4995.87988
6.23250008 -3640.0 4995.87988
6.24916649 -3493.0 4995.87988
6.26583338 -3559.0 4995.87988
6.28249979 -3545.0 4995.87988
6.29916668 -3626.0 4995.87988
6.31583309 -3644.0 4995.87988
6.33249998 -3504.0 4995.87988
6.34916687 -3599.0 4995.87988
6.36583328 -3560.0 4995.87988
6.38250017 -3497.0 4995.87988
6.39916658 -3472.0 4995.87988
6.41583347 -3452.0 4995.87988
6.43249989 -3461.0 4995.87988
6.44916677 -3499.0 4995.87988
6.46583319 -3524.0 4995.87988
6.48250008 -3569.0 4995.87988
6.49916649 -3535.0 4995.87988
6.51583338 -3710.0 4995.87988
6.53250027 -3493.0 4995.87988
6.54916668 -3631.0 4995.87988
6.56583309 -3537.0 4995.87988
6.58249998 -3559.0 4995.87988
6.59916687 -3617.0 4995.87988
6.61583328 -3652.0 4995.87988
6.63250017 -3539.0 4995.87988
6.64916658 -3695.0 4995.89941
6.66583347 -3568.0 4995.87988
6.68249989 -3585.0 4995.87988
6.69916677 -3654.0 4995.87988
6.71583319 -3588.0 4995.87988
6.73250008 -3644.0 4995.89941
6.74916649 -3577.0 4995.87988
6.76583338 -3695.0 4995.89941
6.78250027 -3608.0 4996.18555
6.79916668 -3592.0 4995.87988
6.81583309 -3610.0 4995.87988
6.83249998 -3713.0 4995.89941
6.84916687 -3718.0 4995.87988
6.86583328 -3650.0 4995.89941
6.88250017 -3575.0 4995.87988
6.89916658 -3641.0 4995.89941
6.91583347 -3526.0 4995.87988
6.93249989 -3605.0 4995.89941
6.94916677 -3603.0 4995.87988
6.96583319 -3620.0 4995.87988
6.98250008 -3450.0 4995.87988
6.99916649 -3517.0 4995.87988
7.01583338 -3482.0 4995.87988
7.03249979 -3789.0 4995.5752
7.04916668 -3621.0 4995.87988
7.06583309 -3550.0 4995.87988
7.08249998 -3557.0 4995.87988
7.09916687 -3791.0 4995.89941
7.11583328 -3604.0 4995.87988
7.13250017 -3607.0 4995.89941
7.14916658 -3734.0 4996.20459
7.16583347 -3640.0 4996.18555
7.18249989 -3614.0 4995.87988
7.19916677 -3483.0 4995.89941
7.21583319 -3519.0 4995.87988
7.23250008 -3429.0 4995.89941
7.24916649 -3706.0 4995.87988
7.26583338 -3530.0 4995.87988
7.28249979 -3755.0 4995.87988
7.29916668 -3524.0 4995.87988
7.31583309 -3685.0 4995.87988
7.33249998 -3787.0 4995.30811
7.34916687 -3677.0 4995.87988
7.36583328 -3595.0 4995.89941
7.38250017 -3533.0 4995.87988
7.39916658 -3604.0 4995.87988
7.41583347 -3464.0 4995.89941
7.43249989 -3685.0 4995.89941
7.44916677 -3629.0 4995.89941
7.46583319 -3808.0 4995.89941
7.48250008 -3697.0 4995.87988
7.49916649 -3784.0 4995.5752
7.51583338 -3589.0 4995.87988
7.53250027 -3668.0 4995.87988
7.54916668 -3607.0 4995.87988
7.56583309 -3585.0 4995.89941
7.58249998 -3606.0 4995.87988
7.59916687 -3731.0 4995.87988
7.61583328 -3565.0 4995.87988
7.63250017 -3692.0 4995.87988
7.64916658 -3692.0 4995.89941
7.66583347 -3639.0 4995.89941
7.68249989 -3593.0 4995.87988
7.69916677 -3457.0 4995.89941
7.71583319 -3473.0 4995.89941
7.73250008 -3690.0 4995.89941
7.74916649 -3707.0 4995.89941
7.76583338 -3628.0 4995.89941
7.78250027 -3511.0 4995.89941
7.79916668 -3677.0 4995.89941
7.81583309 -3649.0 4995.89941
7.83249998 -3595.0 4995.89941
7.84916687 -3548.0 4995.87988
7.86583328 -3560.0 4995.89941
7.88250017 -3590.0 4995.89941
7.89916658 -3627.0 4995.89941
7.91583347 -3625.0 4995.89941
7.93249989 -3552.0 4995.89941
7.94916677 -3621.0 4995.89941
7.96583319 -3678.0 4995.89941
7.98250008 -3701.0 4995.89941
7.99916649 -3553.0 4995.89941
8.0158329 -3672.0 4995.59424
8.03250027 -3593.0 4995.87988
8.04916668 -3558.0 4995.89941
8.06583309 -3541.0 4995.89941
8.08250046 -3632.0 4995.89941
8.09916687 -3501.0 4995.89941
8.11583328 -3667.0 4995.89941
8.13249969 -3446.0 4995.89941
8.14916706 -3571.0 4995.89941
8.16583347 -3552.0 4995.89941
8.18249989 -3625.0 4995.89941
8.1991663 -3541.0 4995.89941
8.21583366 -3557.0 4995.89941
8.23250008 -3473.0 4995.89941
8.24916649 -3656.0 4995.89941
8.2658329 -3680.0 4995.89941
8.28250027 -3580.0 4995.89941
8.29916668 -3516.0 4995.89941
8.31583309 -3743.0 4995.89941
8.33250046 -3550.0 4995.89941
8.34916687 -3545.0 4995.89941
8.36583328 -3506.0 4995.89941
8.38249969 -3683.0 4995.89941
8.39916706 -3588.0 4995.89941
8.41583347 -3591.0 4996.20459
8.43249989 -3656.0 4995.89941
8.4491663 -3461.0 4995.89941
8.46583366 -3579.0 4995.89941
8.48250008 -3767.0 4995.89941
8.49916649 -3573.0 4995.89941
8.5158329 -3427.0 4995.89941
8.53250027 -3591.0 4995.89941
8.54916668 -3512.0 4995.89941
8.56583309 -3524.0 4995.89941
8.58250046 -3567.0 4995.89941
8.59916687 -3526.0 4995.89941
8.61583328 -3527.0 4995.59424
8.63249969 -3548.0 4995.89941
8.64916706 -3644.0 4995.89941
8.66583347 -3515.0 4995.89941
8.68249989 -3598.0 4995.89941
8.6991663 -3603.0 4995.89941
8.71583366 -3507.0 4995.89941
8.73250008 -3726.0 4995.89941
8.74916649 -3609.0 4995.89941
8.7658329 -3618.0 4995.61328
8.78250027 -3488.0 4995.89941
8.79916668 -3676.0 4995.89941
8.81583309 -3507.0 4995.89941
8.83250046 -3732.0 4995.91846
8.84916687 -3689.0 4995.91846
8.86583328 -3669.0 4995.91846
8.88249969 -3640.0 4995.89941
8.89916706 -3681.0 4995.89941
8.91583347 -3608.0 4995.91846
8.93249989 -3595.0 4995.91846
8.9491663 -3631.0 4995.91846
8.96583366 -3595.0 4995.91846
8.98250008 -3693.0 4995.91846
8.99916649 -3612.0 4995.91846
9.0158329 -3463.0 4995.91846
9.03250027 -3666.0 4995.91846
9.04916668 -3559.0 4995.91846
9.06583309 -3596.0 4995.91846
9.08250046 -3630.0 4995.91846
9.09916687 -3637.0 4995.91846
9.11583328 -3427.0 4995.91846
9.13249969 -3581.0 4995.91846
9.14916706 -3664.0 4995.91846
9.16583347 -3698.0 4995.91846
9.18249989 -3572.0 4995.91846
9.1991663 -3660.0 4995.91846
9.21583366 -3597.0 4995.91846
9.23250008 -3544.0 4995.91846
9.24916649 -3523.0 4995.91846
9.2658329 -3564.0 4995.2124
9.28250027 -3593.0 4995.91846
9.29916668 -3511.0 4995.91846
9.31583309 -3699.0 4995.91846
9.33250046 -3650.0 4995.91846
9.34916687 -3644.0 4995.9375
9.36583328 -3730.0 4995.91846
9.38249969 -3763.0 4995.91846
9.39916706 -3671.0 4995.91846
9.41583347 -3494.0 4995.91846
9.43249989 -3713.0 4995.61328
9.4491663 -3646.0 4995.91846
9.46583366 -3720.0 4995.63232
9.48250008 -3718.0 4995.9375
9.49916649 -3638.0 4995.9375
9.5158329 -3570.0 4995.91846
9.53250027 -3650.0 4995.9375
9.54916668 -3592.0 4995.9375
9.56583309 -3734.0 4995.91846
9.58250046 -3512.0 4995.9375
9.59916687 -3542.0 4995.9375
9.61583328 -3534.0 4995.9375
9.63249969 -3535.0 4995.9375
9.64916706 -3470.0 4995.9375
9.66583347 -3610.0 4995.9375
9.68249989 -3590.0 4995.9375
9.6991663 -3483.0 4995.9375
9.71583366 -3433.0 4995.9375
9.73250008 -3496.0 4995.9375
9.74916649 -3601.0 4995.9375
9.7658329 -3635.0 4995.9375
9.78250027 -3735.0 4995.9375
9.79916668 -3693.0 4995.9375
9.81583309 -3706.0 4995.9375
9.83250046 -3490.0 4995.9375
9.84916687 -3557.0 4995.9375
9.86583328 -3526.0 4995.00293
9.88249969 -3102.0 4995.00293
9.89916706 -3108.0 4995.02197
9.91583347 -3474.0 4995.00293
9.93249989 -3388.0 4995.00293
9.9491663 -3522.0 4995.9375
9.96583366 -3441.0 4995.00293
9.98250008 -3623.0 4995.9375
9.99916649 -3467.0 4995.9375
10.0158329 -3677.0 4995.9375
10.0325003 -3662.0 4995.9375
10.0491667 -3637.0 4995.9375
10.0658331 -3559.0 4995.9375
10.0825005 -3517.0 4995.9375
10.0991669 -3702.0 4995.9375
10.1158333 -3603.0 4995.9375
10.1324997 -3813.0 4996.24268
10.1491671 -3409.0 4995.00293
10.1658335 -3191.0 4995.04102
10.1824999 -3105.0 4995.17432
10.1991663 -3037.0 4995.25049
10.2158337 -3351.0 4995.34619
10.2325001 -3238.0 4995.44141
10.2491665 -3276.0 4995.63232
10.2658329 -3023.0 4995.68945
10.2825003 -3198.0 4995.82275
10.2991667 -3116.0 4995.9375
10.3158331 -3235.0 4995.95654
10.3325005 -3397.0 4996.05176
10.3491669 -3162.0 4996.14697
10.3658333 -3293.0 4996.18555
10.3824997 -3202.0 4996.26172
10.3991671 -3312.0 4996.2998
10.4158335 -3256.0 4996.37598
10.4324999 -3447.0 4996.45215
10.4491663 -3339.0 4996.45215
10.4658337 -3524.0 4996.47119
10.4825001 -3421.0 4996.66211
10.4991665 -3408.0 4996.66211
10.5158329 -3428.0 4996.7002
10.5325003 -3423.0 4996.77637
10.5491667 -3415.0 4996.71924
10.5658331 -3498.0 4996.75732
10.5825005 -3313.0 4996.73828
10.5991669 -3389.0 4996.71924
10.6158333 -3473.0 4996.66211
10.6324997 -3343.0 4996.66211
10.6491671 -3304.0 4996.60498
10.6658335 -3280.0 4996.58594
10.6824999 -3413.0 4995.95654
10.6991663 -3376.0 4996.54785
10.7158337 -3438.0 4996.60498
10.7325001 -3519.0 4996.62402
10.7491665 -3302.0 4996.64307
10.7658329 -3514.0 4996.71924
10.7825003 -3441.0 4996.77637
10.7991667 -3498.0 4996.83398
10.8158331 -3437.0 4995.95654
10.8325005 -3517.0 4996.94824
10.8491669 -3428.0 4995.95654
10.8658333 -3615.0 4995.95654
10.8824997 -3599.0 4995.95654
10.8991671 -3610.0 4995.95654
10.9158335 -3615.0 4995.95654
10.9324999 -3674.0 4995.95654
10.9491663 -3740.0 4995.95654
10.9658337 -3578.0 4995.95654
10.9825001 -3517.0 4995.97559
10.9991665 -3663.0 4995.11719
11.0158329 -2960.0 4996.43311
11.0325003 -3051.0 4996.43311
11.0491667 -2827.0 4996.43311
11.0658331 -2917.0 4996.43311
11.0825005 -3215.0 4996.43311
11.0991669 -3480.0 4996.43311
11.1158333 -3204.0 4996.43311
11.1324997 -3092.0 4996.43311
11.1491671 -3070.0 4996.43311
11.1658335 -2935.0 4996.43311
11.1824999 -3114.0 4996.43311
11.1991663 -2635.0 4996.43311
11.2158337 -3115.0 4996.43311
11.2325001 -2973.0 4996.43311
11.2491665 -2937.0 4996.43311
11.2658329 -2895.0 4996.43311
11.2825003 -3092.0 4996.43311
11.2991667 -2962.0 4996.43311
11.3158331 -3201.0 4996.43311
11.3325005 -2915.0 4996.43311
11.3491669 -3150.0 4996.43311
11.3658333 -3058.0 4996.43311
11.3824997 -2932.0 4996.43311
11.3991671 -2964.0 4996.43311
11.4158335 -3229.0 4996.43311
11.4324999 -3002.0 4996.43311
11.4491663 -3151.0 4995.04102
11.4658337 -2792.0 4996.43311
11.4825001 -3037.0 4996.43311
11.4991665 -2941.0 4996.43311
11.5158329 -3160.0 4996.43311
11.5325003 -2991.0 4996.43311
11.5491667 -3085.0 4996.43311
11.5658331 -3024.0 4996.43311
11.5825005 -2940.0 4996.43311
11.5991669 -3197.0 4996.01367
11.6158333 -3143.0 4996.43311
11.6324997 -2877.0 4996.43311
11.6491671 -2781.0 4996.43311
11.6658335 -2706.0 4996.43311
11.6824999 -3175.0 4996.43311
11.6991663 -2883.0 4996.43311
11.7158337 -2982.0 4996.43311
11.7325001 -3281.0 4996.43311
11.7491665 -2974.0 4996.43311
11.7658329 -2918.0 4996.43311
11.7825003 -2487.0 4996.43311
11.7991667 -2589.0 4996.43311
11.8158331 -2651.0 4996.43311
11.8325005 -2974.0 4996.12793
11.8491669 -2935.0 4996.43311
11.8658333 -3219.0 4995.34619
11.8824997 -3247.0 4995.36523
11.8991671 -3223.0 4996.43311
11.9158335 -3258.0 4996.03271
11.9324999 -3226.0 4995.36523
11.9491663 -3237.0 4995.34619
11.9658337 -3129.0 4995.36523
11.9825001 -3102.0 4995.00293
11.9991665 -3212.0 4996.43311
12.0158329 -3210.0 4996.01367
12.0325003 -3417.0 4996.12793
12.0491667 -3291.0 4996.43311
12.0658331 -3150.0 4996.12793
12.0825005 -2980.0 4996.43311
12.0991669 -3062.0 4996.12793
12.1158333 -3028.0 4996.43311
12.1324997 -2981.0 4996.43311
12.1491671 -3218.0 4996.43311
12.1658335 -3171.0 4995.28906
12.1824999 -2889.0 4996.43311
12.1991663 -2991.0 4996.43311
12.2158337 -3124.0 4996.43311
12.2325001 -3171.0 4995.34619
12.2491665 -2917.0 4995.36523
12.2658329 -3358.0 4996.43311
12.2825003 -3000.0 4995.36523
12.2991667 -3347.0 4995.97559
12.3158331 -3311.0 4995.00293
12.3325005 -3330.0 4995.23145
12.3491669 -3246.0 4995.28906
12.3658333 -3284.0 4995.65137
12.3824997 -3280.0 4995.11719
12.3991671 -3415.0 4995.04102
12.4158335 -3368.0 4995.2124
12.4324999 -3338.0 4995.59424
12.4491663 -3361.0 4995.68945
12.4658337 -3339.0 4995.17432
12.4825001 -3363.0 4995.74658
12.4991665 -3322.0 4995.17432
12.5158329 -3269.0 4995.23145
12.5325003 -3358.0 4995.32715
12.5491667 -3290.0 4995.99463
12.5658331 -3259.0 4995.09814
12.5825005 -3221.0 4995.99463
12.5991669 -3304.0 4995.67041
12.6158333 -3281.0 4995.51758
12.6324997 -3325.0 4995.97559
12.6491671 -3324.0 4995.04102
12.6658335 -3402.0 4995.34619
12.6824999 -3309.0 4995.87988
12.6991663 -3376.0 4995.11719
12.7158337 -3300.0 4995.99463
12.7325001 -3198.0 4995.23145
12.7491665 -3236.0 4995.51758
12.7658329 -3276.0 4995.2124
12.7825003 -3209.0 4995.47949
12.7991667 -2366.0 4996.18555
12.8158331 -2348.0 4996.18555
12.8325005 -3197.0 4995.89941
12.8491669 -3212.0 4995.40332
12.8658333 -3278.0 4995.28906
12.8824997 -3222.0 4995.13623
12.8991671 -3308.0 4995.04102
12.9158335 -3285.0 4995.49854
12.9324999 -3352.0 4995.25049
12.9491663 -3274.0 4995.36523
12.9658337 -3420.0 4995.55566
12.9825001 -3152.0 4995.36523
12.9991665 -3232.0 4995.34619
13.0158329 -3310.0 4995.17432
13.0325003 -3257.0 4995.17432
13.0491667 -3283.0 4995.42236
13.0658331 -3215.0 4995.99463
13.0825005 -3254.0 4995.46045
13.0991669 -3246.0 4995.36523
13.1158333 -3308.0 4995.68945
13.1324997 -3394.0 4995.23145
13.1491671 -3148.0 4995.53662
13.1658335 -3231.0 4995.19336
13.1824999 -3325.0 4995.68945
13.1991663 -3348.0 4995.46045
13.2158337 -3218.0 4995.51758
13.2325001 -3327.0 4995.63232
13.2491665 -3324.0 4995.15527
13.2658329 -3295.0 4995.99463
13.2825003 -3264.0 4995.2124
13.2991667 -3400.0 4995.99463
13.3158331 -3379.0 4995.04102
13.3325005 -3149.0 4996.01367
13.3491669 -3334.0 4995.0791
13.3658333 -3308.0 4995.23145
13.3824997 -3288.0 4995.44141
13.3991671 -3224.0 4995.72754
13.4158335 -3353.0 4995.51758
13.4324999 -3356.0 4995.74658
13.4491663 -3279.0 4995.06006
13.4658337 -3286.0 4995.0791
13.4825001 -3344.0 4996.01367
13.4991665 -3341.0 4995.42236
13.5158329 -3321.0 4995.51758
13.5325003 -3280.0 4996.01367
13.5491667 -3248.0 4995.34619
13.5658331 -3326.0 4996.01367
13.5825005 -3263.0 4995.11719
13.5991669 -3198.0 4995.17432
13.6158333 -3269.0 4995.13623
13.6324997 -3250.0 4996.01367
13.6491671 -3359.0 4995.17432
13.6658335 -3352.0 4995.13623
13.6824999 -3351.0 4995.99463
13.6991663 -3292.0 4995.34619
13.7158337 -3397.0 4995.28906
13.7325001 -3420.0 4995.17432
13.7491665 -3318.0 4995.30811
13.7658329 -3418.0 4995.28906
13.7825003 -3339.0 4995.00293
13.7991667 -3208.0 4995.68945
13.8158331 -3275.0 4995.91846
13.8325005 -3347.0 4995.02197
13.8491669 -3261.0 4995.09814
13.8658333 -3282.0 4995.42236
13.8824997 -3208.0 4995.13623
13.8991671 -3341.0 4995.32715
13.9158335 -3234.0 4996.43311
13.9324999 -3210.0 4996.43311
13.9491663 -3211.0 4995.00293
13.9658337 -3285.0 4995.23145
13.9825001 -3337.0 4995.63232
13.9991665 -2983.0 4996.43311
14.0158329 -3062.0 4996.43311
14.0325003 -3003.0 4996.43311
14.0491667 -2789.0 4996.43311
14.0658331 -3167.0 4996.43311
14.0825005 -2995.0 4996.20459
14.0991669 -3217.0 4996.01367
14.1158333 -3299.0 4995.59424
14.1324997 -3079.0 4996.43311
14.1491671 -3108.0 4996.43311
14.1658335 -3097.0 4996.43311
14.1824999 -3184.0 4996.12793
14.1991663 -3353.0 4996.12793
14.2158337 -3505.0 4996.08984
14.2325001 -3466.0 4996.05176
14.2491665 -3257.0 4996.43311
14.2658329 -3159.0 4996.01367
14.2825003 -3162.0 4995.89941
14.2991667 -3141.0 4996.01367
14.3158331 -2750.0 4996.18555
14.3325005 -3220.0 4996.12793
14.3491669 -3168.0 4995.36523
14.3658333 -2494.0 4996.18555
14.3824997 -3373.0 4995.72754
14.3991671 -2392.0 4996.18555
14.4158335 -3147.0 4995.7085
14.4324999 -3188.0 4996.43311
14.4491663 -3319.0 4995.61328
14.4658337 -3251.0 4995.61328
14.4825001 -3251.0 4995.15527
14.4991665 -3192.0 4995.5752
14.5158329 -3097.0 4996.43311
14.5325003 -3119.0 4996.01367
14.5491667 -3147.0 4996.01367
14.5658331 -2944.0 4996.01367
14.5825005 -3151.0 4996.01367
14.5991669 -2900.0 4996.01367
14.6158333 -2919.0 4996.01367
14.6324997 -2942.0 4996.01367
14.6491671 -2951.0 4996.03271
14.6658335 -3136.0 4996.03271
14.6824999 -3196.0 4995.44141
14.6991663 -3256.0 4995.26953
14.7158337 -3255.0 4995.34619
14.7325001 -3271.0 4995.40332
14.7491665 -3185.0 4995.42236
14.7658329 -3257.0 4995.40332
14.7825003 -3148.0 4995.40332
14.7991667 -3280.0 4995.55566
14.8158331 -3102.0 4995.40332
14.8325005 -3300.0 4995.34619
14.8491669 -3264.0 4995.40332
14.8658333 -3266.0 4995.46045
14.8824997 -3277.0 4995.2124
14.8991671 -3085.0 4995.51758
14.9158335 -3232.0 4995.32715
14.9324999 -3249.0 4996.43311
14.9491663 -3179.0 4995.7085
14.9658337 -3354.0 4995.63232
14.9825001 -3260.0 4995.5752
14.9991665 -2423.0 4996.18555
15.0158329 -2027.0 4996.18555
15.0325003 -2715.0 4996.18555
15.0491667 -2469.0 4996.18555
15.0658331 -2870.0 4996.18555
15.0825005 -3078.0 4996.01367
15.0991669 -2754.0 4996.18555
15.1158333 -3150.0 4996.01367
15.1324997 -3018.0 4996.01367
15.1491671 -3290.0 4995.49854
15.1658335 -3172.0 4995.25049
15.1824999 -3336.0 4995.25049
15.1991663 -3212.0 4995.2124
15.2158337 -3230.0 4995.11719
15.2325001 -3232.0 4995.09814
15.2491665 -3190.0 4995.06006
15.2658329 -3246.0 4995.11719
15.2825003 -3197.0 4996.43311
15.2991667 -3296.0 4995.32715
15.3158331 -3149.0 4995.30811
15.3325005 -3276.0 4995.44141
15.3491669 -3129.0 4995.38428
15.3658333 -3336.0 4996.43311
15.3824997 -3244.0 4995.36523
15.3991671 -3129.0 4995.38428
15.4158335 -3098.0 4995.36523
15.4324999 -3239.0 4995.30811
15.4491663 -3232.0 4995.30811
15.4658337 -3265.0 4995.28906
15.4825001 -3304.0 4995.25049
15.4991665 -3127.0 4995.2124
15.5158329 -3139.0 4995.15527
15.5325003 -3129.0 4995.17432
15.5491667 -3047.0 4996.01367
15.5658331 -3268.0 4995.61328
15.5825005 -3238.0 4995.17432
15.5991669 -3032.0 4996.01367
15.6158333 -3084.0 4996.01367
15.6324997 -2966.0 4996.01367
15.6491671 -3240.0 4995.00293
15.6658335 -3282.0 4995.13623
15.6824999 -3207.0 4995.15527
15.6991663 -3284.0 4995.47949
15.7158337 -3205.0 4995.11719
15.7325001 -3253.0 4995.09814
15.7491665 -3178.0 4995.09814
15.7658329 -3237.0 4996.43311
15.7825003 -3303.0 4995.61328
15.7991667 -3345.0 4995.42236
15.8158331 -3274.0 4995.32715
15.8325005 -3348.0 4995.15527
15.8491669 -3270.0 4995.11719
15.8658333 -3320.0 4995.15527
15.8824997 -3281.0 4995.0791
15.8991671 -3256.0 4995.80371
15.9158335 -3274.0 4995.13623
15.9324999 -3256.0 4995.23145
15.9491663 -3151.0 4995.38428
15.9658337 -3203.0 4996.03271
15.9825001 -3155.0 4995.06006
15.9991665 -3291.0 4995.19336
